Name	STA Path Delay Value	SPICE Path Delay Value	Error	Relative Error(%)
./work/sta_path_result/opensta_AND2X1_slew0.1_load0.log	4.92e-09	6.0480247002514e-09	-1.1280247002514e-09	-22.9273313059227
./work/sta_path_result/opensta_AND2X1_slew0.1_load1.log	7.95e-09	9.1359528002514e-09	-1.1859528002514e-09	-14.9176452861811
./work/sta_path_result/opensta_AND2X1_slew0.5_load0.log	4.88e-09	6.0729894003562e-09	-1.1929894003562e-09	-24.4465041056598
./work/sta_path_result/opensta_AND2X1_slew0.5_load1.log	7.91e-09	9.105010200355e-09	-1.195010200355e-09	-15.107587867952
./work/sta_path_result/opensta_AND2X1_slew1.2_load0.log	4.82e-09	5.9650113002905e-09	-1.1450113002905e-09	-23.7554211678527
./work/sta_path_result/opensta_AND2X1_slew1.2_load1.log	7.84e-09	8.9330029003119e-09	-1.0930029003119e-09	-13.9413635243865
./work/sta_path_result/opensta_AND2X1_slew3_load0.log	5.27e-09	4.9690089002604e-09	3.009910997396e-10	5.71140606716508
./work/sta_path_result/opensta_AND2X1_slew3_load1.log	7.29e-09	6.9900181002575e-09	2.99981899742501e-10	4.11497804859397
./work/sta_path_result/opensta_AND2X2_slew0.02_load0.log	3.26e-09	3.0390079001497e-09	2.209920998503e-10	6.7788987684141
./work/sta_path_result/opensta_AND2X2_slew0.02_load1.log	5.2e-09	4.5509682001497e-09	6.490317998503e-10	12.4813807663519
./work/sta_path_result/opensta_AND2X2_slew0.04_load0.log	3.26e-09	3.0390176001695e-09	2.209823998305e-10	6.77860122179447
./work/sta_path_result/opensta_AND2X2_slew0.04_load1.log	5.19e-09	4.5620283001704e-09	6.27971699829601e-10	12.0996473955607
./work/sta_path_result/opensta_AND2X2_slew0.08_load0.log	3.25e-09	3.0319916002106e-09	2.180083997894e-10	6.70795076275078
./work/sta_path_result/opensta_AND2X2_slew0.08_load1.log	5.18e-09	4.5539864002121e-09	6.260135997879e-10	12.08520462911
./work/sta_path_result/opensta_AND2X2_slew0.2_load0.log	3.23e-09	3.039008400281e-09	1.90991599719e-10	5.91305262287926
./work/sta_path_result/opensta_AND2X2_slew0.2_load1.log	5.13e-09	4.5580497002591e-09	5.71950299740901e-10	11.1491286499201
./work/sta_path_result/opensta_BUFX2_slew0.02_load0.log	3.85e-09	3.1040170001139e-09	7.459829998861e-10	19.3761818152234
./work/sta_path_result/opensta_BUFX2_slew0.02_load1.log	6.46e-09	4.6380197001139e-09	1.8219802998861e-09	28.2040294100016
./work/sta_path_result/opensta_BUFX2_slew0.04_load0.log	3.84e-09	3.1119961001362e-09	7.280038998638e-10	18.9584348922865
./work/sta_path_result/opensta_BUFX2_slew0.04_load1.log	6.45e-09	4.6369443001362e-09	1.8130556998638e-09	28.1093906955628
./work/sta_path_result/opensta_BUFX2_slew0.08_load0.log	3.82e-09	3.1190180001567e-09	7.00981999843301e-10	18.3503141320236
./work/sta_path_result/opensta_BUFX2_slew0.08_load1.log	6.41e-09	4.6429884001614e-09	1.7670115998386e-09	27.5664836168268
./work/sta_path_result/opensta_BUFX2_slew0.2_load0.log	3.75e-09	3.1199988001937e-09	6.300011998063e-10	16.8000319948347
./work/sta_path_result/opensta_BUFX2_slew0.2_load1.log	6.3e-09	4.6340340001483e-09	1.6659659998517e-09	26.4439047595508
./work/sta_path_result/opensta_BUFX4_slew0.04_load0.log	1.42e-09	1.4478957005398e-09	-2.78957005397998e-11	-1.96448595350703
./work/sta_path_result/opensta_BUFX4_slew0.04_load1.log	2.2e-09	2.2078298005315e-09	-7.82980053150025e-12	-0.355900024159102
./work/sta_path_result/opensta_BUFX4_slew0.08_load0.log	1.42e-09	1.4413073006705e-09	-2.13073006705e-11	-1.50051413172535
./work/sta_path_result/opensta_BUFX4_slew0.08_load1.log	2.2e-09	2.2046620006746e-09	-4.66200067459979e-12	-0.211909121572718
./work/sta_path_result/opensta_BUFX4_slew0.16_load0.log	1.42e-09	1.4344011007328e-09	-1.44011007327997e-11	-1.0141620234366
./work/sta_path_result/opensta_BUFX4_slew0.16_load1.log	2.2e-09	2.1942738006585e-09	5.7261993415003e-12	0.260281788250014
./work/sta_path_result/opensta_BUFX4_slew0.4_load0.log	1.38e-09	1.4041909008153e-09	-2.41909008153e-11	-1.75296382719565
./work/sta_path_result/opensta_BUFX4_slew0.4_load1.log	2.16e-09	2.1753227006951e-09	-1.53227006950997e-11	-0.709384291439799
./work/sta_path_result/opensta_CLKBUF1_slew0.1_load0.log	1.42e-09	1.569305200765e-09	-1.49305200765e-10	-10.5144507580986
./work/sta_path_result/opensta_CLKBUF1_slew0.1_load1.log	2.18e-09	2.3394519007991e-09	-1.594519007991e-10	-7.3143073761055
./work/sta_path_result/opensta_CLKBUF1_slew0.5_load0.log	1.38e-09	1.5714121009779e-09	-1.914121009779e-10	-13.8704420998478
./work/sta_path_result/opensta_CLKBUF1_slew0.5_load1.log	2.14e-09	2.316942301028e-09	-1.76942301028e-10	-8.2683318237383
./work/sta_path_result/opensta_CLKBUF1_slew1.2_load0.log	1.19e-09	1.513011801024e-09	-3.23011801024e-10	-27.1438488255462
./work/sta_path_result/opensta_CLKBUF1_slew1.2_load1.log	1.96e-09	2.2953516009961e-09	-3.353516009961e-10	-17.1097755610255
./work/sta_path_result/opensta_CLKBUF1_slew3_load0.log	1.38e-09	1.3661142007958e-09	1.38857992042003e-11	1.0062173336377
./work/sta_path_result/opensta_CLKBUF1_slew3_load1.log	1.88e-09	1.843745901002e-09	3.6254098998e-11	1.92840952117021
./work/sta_path_result/opensta_CLKBUF2_slew0.1_load0.log	1.66e-09	1.6055940007628e-09	5.44059992372001e-11	3.27746983356627
./work/sta_path_result/opensta_CLKBUF2_slew0.1_load1.log	2.44e-09	2.3714522007879e-09	6.85477992121e-11	2.80933603328279
./work/sta_path_result/opensta_CLKBUF2_slew0.5_load0.log	1.66e-09	1.6004184009242e-09	5.95815990758002e-11	3.58925295637351
./work/sta_path_result/opensta_CLKBUF2_slew0.5_load1.log	2.44e-09	2.363103801022e-09	7.68961989780002e-11	3.15148356467214
./work/sta_path_result/opensta_CLKBUF2_slew1.2_load0.log	1.63e-09	1.572723501085e-09	5.72764989150002e-11	3.51389563895707
./work/sta_path_result/opensta_CLKBUF2_slew1.2_load1.log	2.41e-09	2.326858601029e-09	8.31413989709999e-11	3.44985057970954
./work/sta_path_result/opensta_CLKBUF2_slew3_load0.log	1.56e-09	1.493991701308e-09	6.60082986920001e-11	4.23130119820514
./work/sta_path_result/opensta_CLKBUF2_slew3_load1.log	2.34e-09	2.262169101287e-09	7.78308987130002e-11	3.32610678260685
./work/sta_path_result/opensta_CLKBUF3_slew0.1_load0.log	1.7e-09	1.637131400762e-09	6.28685992380002e-11	3.69815289635295
./work/sta_path_result/opensta_CLKBUF3_slew0.1_load1.log	2.49e-09	2.4038986007894e-09	8.61013992106e-11	3.45788751849799
./work/sta_path_result/opensta_CLKBUF3_slew0.5_load0.log	1.7e-09	1.63219900092e-09	6.78009990800002e-11	3.98829406352943
./work/sta_path_result/opensta_CLKBUF3_slew0.5_load1.log	2.49e-09	2.391445501026e-09	9.85544989740003e-11	3.95801200698797
./work/sta_path_result/opensta_CLKBUF3_slew1.2_load0.log	1.68e-09	1.605221401082e-09	7.47785989180002e-11	4.45110707845239
./work/sta_path_result/opensta_CLKBUF3_slew1.2_load1.log	2.46e-09	2.367156801034e-09	9.28431989660003e-11	3.7741137791057
./work/sta_path_result/opensta_CLKBUF3_slew3_load0.log	1.61e-09	1.528716801321e-09	8.12831986789999e-11	5.04864588068323
./work/sta_path_result/opensta_CLKBUF3_slew3_load1.log	2.39e-09	2.292495801286e-09	9.75041987140003e-11	4.07967358635985
./work/sta_path_result/opensta_HAX1_slew0.1_load0.log	5.98e-09	6.0190107004073e-09	-3.90107004073001e-11	-0.652352849620403
./work/sta_path_result/opensta_HAX1_slew0.1_load1.log	9.08e-09	9.1269752004073e-09	-4.69752004072978e-11	-0.517348022106804
./work/sta_path_result/opensta_HAX1_slew0.5_load0.log	5.97e-09	6.0089935003477e-09	-3.89935003477004e-11	-0.653157459760475
./work/sta_path_result/opensta_HAX1_slew0.5_load1.log	9.07e-09	9.0950238002037e-09	-2.50238002036994e-11	-0.275896363877612
./work/sta_path_result/opensta_HAX1_slew1.2_load0.log	5.96e-09	5.9929920002537e-09	-3.29920002536997e-11	-0.553557051236573
./work/sta_path_result/opensta_HAX1_slew1.2_load1.log	9.06e-09	9.0620434004894e-09	-2.04340048939931e-12	-0.0225540892869681
./work/sta_path_result/opensta_HAX1_slew3_load0.log	5.82e-09	5.9059989002903e-09	-8.59989002902986e-11	-1.47764433488486
./work/sta_path_result/opensta_HAX1_slew3_load1.log	8.92e-09	8.9800294003485e-09	-6.00294003485008e-11	-0.672975340229829
./work/sta_path_result/opensta_INVX1_slew0.1_load0.log	6.57e-09	6.72198720009145e-09	-1.5198720009145e-10	-2.31335159956545
./work/sta_path_result/opensta_INVX1_slew0.1_load1.log	9.41e-09	9.47406760009504e-09	-6.40676000950396e-11	-0.680845909617849
./work/sta_path_result/opensta_INVX1_slew0.5_load0.log	6.75e-09	6.81903940008927e-09	-6.903940008927e-11	-1.02280592724844
./work/sta_path_result/opensta_INVX1_slew0.5_load1.log	9.5e-09	9.56902770009637e-09	-6.90277000963692e-11	-0.726607369435466
./work/sta_path_result/opensta_INVX1_slew1.2_load0.log	6.82e-09	7.03102840009329e-09	-2.11028400093289e-10	-3.094258065884
./work/sta_path_result/opensta_INVX1_slew1.2_load1.log	9.64e-09	9.78100680009933e-09	-1.41006800099329e-10	-1.46272614210923
./work/sta_path_result/opensta_INVX1_slew3_load0.log	7.6e-09	7.72097580009766e-09	-1.20975800097661e-10	-1.59178684339027
./work/sta_path_result/opensta_INVX1_slew3_load1.log	1.02e-08	1.0228040900107e-08	-2.80409001069992e-11	-0.274910785362738
./work/sta_path_result/opensta_INVX2_slew0.02_load0.log	4.95e-09	3.3149876001815e-09	1.6350123998185e-09	33.0305535316869
./work/sta_path_result/opensta_INVX2_slew0.04_load0.log	4.95e-09	3.3220012001853e-09	1.6279987998147e-09	32.8888646427212
./work/sta_path_result/opensta_INVX2_slew0.08_load0.log	4.97e-09	3.3319901001856e-09	1.6380098998144e-09	32.9579456703099
./work/sta_path_result/opensta_INVX2_slew0.2_load0.log	4.97e-09	3.3639900001831e-09	1.6060099998169e-09	32.3140845033581
./work/sta_path_result/opensta_INVX4_slew0.04_load0.log	1.9e-09	1.6749716003772e-09	2.250283996228e-10	11.8435999801474
./work/sta_path_result/opensta_INVX4_slew0.04_load1.log	3.06e-09	2.2555140003711e-09	8.044859996289e-10	26.2903921447353
./work/sta_path_result/opensta_INVX4_slew0.08_load0.log	1.91e-09	1.6841183003656e-09	2.258816996344e-10	11.8262669965655
./work/sta_path_result/opensta_INVX4_slew0.08_load1.log	3.08e-09	2.2652122003637e-09	8.147877996363e-10	26.4541493388409
./work/sta_path_result/opensta_INVX4_slew0.16_load0.log	1.94e-09	1.7090128003684e-09	2.309871996316e-10	11.9065566820412
./work/sta_path_result/opensta_INVX4_slew0.16_load1.log	3.12e-09	2.2874676003772e-09	8.325323996228e-10	26.683730757141
./work/sta_path_result/opensta_INVX4_slew0.4_load0.log	1.95e-09	1.777213200383e-09	1.72786799617e-10	8.8608615188205
./work/sta_path_result/opensta_INVX4_slew0.4_load1.log	3.06e-09	2.3690953003799e-09	6.909046996201e-10	22.5785849549052
./work/sta_path_result/opensta_INVX8_slew0.08_load0.log	8.6e-10	8.590111007456e-10	9.88899254400049e-13	0.114988285395355
./work/sta_path_result/opensta_INVX8_slew0.08_load1.log	1.29e-09	1.1468768007389e-09	1.431231992611e-10	11.0948216481473
./work/sta_path_result/opensta_INVX8_slew0.16_load0.log	8.9e-10	8.861441007533e-10	3.85589924670002e-12	0.433247106370789
./work/sta_path_result/opensta_INVX8_slew0.16_load1.log	1.31e-09	1.1770769007841e-09	1.329230992159e-10	10.1468014668626
./work/sta_path_result/opensta_INVX8_slew0.32_load0.log	9.3e-10	9.444244007789e-10	-1.44244007788999e-11	-1.55101083644085
./work/sta_path_result/opensta_INVX8_slew0.32_load1.log	1.36e-09	1.221259200784e-09	1.38740799216e-10	10.2015293541176
./work/sta_path_result/opensta_INVX8_slew0.8_load0.log	1.1e-09	1.1093872008192e-09	-9.38720081919981e-12	-0.853381892654528
./work/sta_path_result/opensta_INVX8_slew0.8_load1.log	1.55e-09	1.4024386008592e-09	1.475613991408e-10	9.52009026714841
./work/sta_path_result/opensta_MUX2X1_slew0.1_load0.log	6.16e-09	6.0250274002725e-09	1.34972599727501e-10	2.19111363193995
./work/sta_path_result/opensta_MUX2X1_slew0.1_load1.log	8.91e-09	8.9791024002176e-09	-6.91024002175998e-11	-0.775560047335576
./work/sta_path_result/opensta_MUX2X1_slew0.5_load0.log	6.26e-09	6.1429903002132e-09	1.17009699786801e-10	1.86916453333548
./work/sta_path_result/opensta_MUX2X1_slew0.5_load1.log	9e-09	9.0650383002376e-09	-6.50383002375976e-11	-0.722647780417751
./work/sta_path_result/opensta_MUX2X1_slew1.2_load0.log	6.44e-09	6.2910146002265e-09	1.48985399773501e-10	2.31343788468169
./work/sta_path_result/opensta_MUX2X1_slew1.2_load1.log	9.16e-09	9.2399924002421e-09	-7.99924002420998e-11	-0.873279478625544
./work/sta_path_result/opensta_MUX2X1_slew3_load0.log	6.96e-09	6.8020140002423e-09	1.579859997577e-10	2.26991378962213
./work/sta_path_result/opensta_MUX2X1_slew3_load1.log	9.58e-09	9.6019847002335e-09	-2.19847002334984e-11	-0.229485388658647
./work/sta_path_result/opensta_NAND2X1_slew0.1_load0.log	5.93e-09	5.866010600126e-09	6.39893998740002e-11	1.07907925588533
./work/sta_path_result/opensta_NAND2X1_slew0.1_load1.log	8.8e-09	9.0299455001465e-09	-2.29945500146497e-10	-2.61301704711929
./work/sta_path_result/opensta_NAND2X1_slew0.5_load0.log	6.13e-09	5.9910313001338e-09	1.389686998662e-10	2.26702609895921
./work/sta_path_result/opensta_NAND2X1_slew0.5_load1.log	8.89e-09	9.095000600164e-09	-2.05000600164e-10	-2.30596850578177
./work/sta_path_result/opensta_NAND2X1_slew1.2_load0.log	6.22e-09	6.1860044001281e-09	3.39955998719003e-11	0.546553052602898
./work/sta_path_result/opensta_NAND2X1_slew1.2_load1.log	9.02e-09	9.277971200162e-09	-2.57971200161999e-10	-2.85999113261639
./work/sta_path_result/opensta_NAND2X1_slew3_load0.log	6.9e-09	6.8630032001336e-09	3.69967998664008e-11	0.536185505310157
./work/sta_path_result/opensta_NAND2X1_slew3_load1.log	9.42e-09	9.6249997001554e-09	-2.04999700155398e-10	-2.17621762373034
./work/sta_path_result/opensta_NAND3X1_slew0.1_load0.log	5.65e-09	5.8060322002029e-09	-1.56032200202899e-10	-2.76163186199822
./work/sta_path_result/opensta_NAND3X1_slew0.1_load1.log	8.73e-09	8.9120662002029e-09	-1.820662002029e-10	-2.0855234845693
./work/sta_path_result/opensta_NAND3X1_slew0.5_load0.log	5.74e-09	5.8549991002038e-09	-1.14999100203799e-10	-2.00346864466549
./work/sta_path_result/opensta_NAND3X1_slew0.5_load1.log	8.83e-09	8.9750554002151e-09	-1.450554002151e-10	-1.64275651432729
./work/sta_path_result/opensta_NAND3X1_slew1.2_load0.log	5.91e-09	5.7130057001634e-09	1.969942998366e-10	3.33323688386802
./work/sta_path_result/opensta_NAND3X1_slew1.2_load1.log	8.87e-09	9.0510620002303e-09	-1.810620002303e-10	-2.04128523371252
./work/sta_path_result/opensta_NAND3X1_slew3_load0.log	6.64e-09	6.385044200169e-09	2.54955799831001e-10	3.83969578058736
./work/sta_path_result/opensta_NAND3X1_slew3_load1.log	9.12e-09	9.2780311002098e-09	-1.580311002098e-10	-1.73279715142324
./work/sta_path_result/opensta_XNOR2X1_slew0.1_load0.log	6.99e-09	6.4480252005408e-09	5.41974799459201e-10	7.75357366894422
./work/sta_path_result/opensta_XNOR2X1_slew0.1_load1.log	1.029e-08	9.6730205005408e-09	6.16979499459201e-10	5.99591350300487
./work/sta_path_result/opensta_XNOR2X1_slew0.5_load0.log	7.02e-09	6.4589891006246e-09	5.610108993754e-10	7.99160825321083
./work/sta_path_result/opensta_XNOR2X1_slew0.5_load1.log	1.032e-08	9.6380770006353e-09	6.81922999364701e-10	6.60778100159594
./work/sta_path_result/opensta_XNOR2X1_slew1.2_load0.log	7.13e-09	6.4280079006541e-09	7.019920993459e-10	9.84561149152734
./work/sta_path_result/opensta_XNOR2X1_slew1.2_load1.log	1.042e-08	9.6019685007422e-09	8.180314992578e-10	7.8505902040096
./work/sta_path_result/opensta_XNOR2X1_slew3_load0.log	7.26e-09	6.4339959007384e-09	8.260040992616e-10	11.377466931978
./work/sta_path_result/opensta_XNOR2X1_slew3_load1.log	1.056e-08	9.6030248006945e-09	9.56975199305501e-10	9.06226514493846
./work/sta_path_result/opensta_XOR2X1_slew0.1_load0.log	5.37e-09	5.9060015005896e-09	-5.36001500589601e-10	-9.98140597001118
./work/sta_path_result/opensta_XOR2X1_slew0.1_load1.log	8.57e-09	9.1010838005896e-09	-5.31083800589598e-10	-6.19701050863008
./work/sta_path_result/opensta_XOR2X1_slew0.5_load0.log	5.43e-09	5.9980113006336e-09	-5.68011300633601e-10	-10.460613271337
./work/sta_path_result/opensta_XOR2X1_slew0.5_load1.log	8.63e-09	9.2230066006933e-09	-5.93006600693298e-10	-6.87145539621434
./work/sta_path_result/opensta_XOR2X1_slew1.2_load0.log	5.56e-09	6.196035000677e-09	-6.36035000677e-10	-11.4394784294424
./work/sta_path_result/opensta_XOR2X1_slew1.2_load1.log	8.77e-09	9.3999862008087e-09	-6.299862008087e-10	-7.18342304228848
./work/sta_path_result/opensta_XOR2X1_slew3_load0.log	5.74e-09	7.2040203006217e-09	-1.4640203006217e-09	-25.5055801502038
./work/sta_path_result/opensta_XOR2X1_slew3_load1.log	8.82e-09	9.9150586007142e-09	-1.0950586007142e-09	-12.415630393585
